{
 "cells": [
  {
   "cell_type": "code",
   "execution_count": 1,
   "id": "65223114-9dcc-4d4d-a92b-6399f45ea6c2",
   "metadata": {},
   "outputs": [],
   "source": [
    "import pprint\n",
    "from pathlib import Path\n",
    "import numpy as np\n",
    "import pandas as pd\n",
    "import matplotlib.pyplot as plt\n",
    "import seaborn as sns\n",
    "\n",
    "# Wrap text when printing long collections in the terminal\n",
    "pp = pprint.PrettyPrinter(width=100, compact=True, indent=2)"
   ]
  },
  {
   "cell_type": "code",
   "execution_count": 2,
   "id": "65a56401-fc3e-4976-ad9a-591cbe1ed8ee",
   "metadata": {},
   "outputs": [],
   "source": [
    "data = pd.read_csv(\"asset_cor_2009.csv\", index_col=\"Ticker\")\n",
    "\n",
    "# Get all the columns whose label matches a row label\n",
    "corr = data[data.index]\n",
    "sd = data['Annualized Standard Deviation']\n",
    "\n",
    "cov = corr * sd * sd.values.reshape(-1, 1)"
   ]
  },
  {
   "cell_type": "code",
   "execution_count": 6,
   "id": "c890879b-c2b5-42f4-a9aa-416af2a0bfea",
   "metadata": {},
   "outputs": [
    {
     "data": {
      "text/html": [
       "<div>\n",
       "<style scoped>\n",
       "    .dataframe tbody tr th:only-of-type {\n",
       "        vertical-align: middle;\n",
       "    }\n",
       "\n",
       "    .dataframe tbody tr th {\n",
       "        vertical-align: top;\n",
       "    }\n",
       "\n",
       "    .dataframe thead th {\n",
       "        text-align: right;\n",
       "    }\n",
       "</style>\n",
       "<table border=\"1\" class=\"dataframe\">\n",
       "  <thead>\n",
       "    <tr style=\"text-align: right;\">\n",
       "      <th></th>\n",
       "      <th>AGG</th>\n",
       "      <th>BWX</th>\n",
       "      <th>DBC</th>\n",
       "      <th>DFJ</th>\n",
       "      <th>EEM</th>\n",
       "      <th>EFA</th>\n",
       "      <th>EMB</th>\n",
       "      <th>FIASX</th>\n",
       "      <th>GLD</th>\n",
       "      <th>IEF</th>\n",
       "      <th>IJH</th>\n",
       "      <th>IJR</th>\n",
       "      <th>IVV</th>\n",
       "      <th>LQD</th>\n",
       "      <th>LTPZ</th>\n",
       "      <th>RWO</th>\n",
       "      <th>SCZ</th>\n",
       "      <th>SHY</th>\n",
       "      <th>TIP</th>\n",
       "      <th>TLT</th>\n",
       "      <th>VDC</th>\n",
       "      <th>VEIEX</th>\n",
       "      <th>VEURX</th>\n",
       "      <th>VFSNX</th>\n",
       "      <th>VGSIX</th>\n",
       "      <th>VPACX</th>\n",
       "      <th>VPU</th>\n",
       "    </tr>\n",
       "    <tr>\n",
       "      <th>Ticker</th>\n",
       "      <th></th>\n",
       "      <th></th>\n",
       "      <th></th>\n",
       "      <th></th>\n",
       "      <th></th>\n",
       "      <th></th>\n",
       "      <th></th>\n",
       "      <th></th>\n",
       "      <th></th>\n",
       "      <th></th>\n",
       "      <th></th>\n",
       "      <th></th>\n",
       "      <th></th>\n",
       "      <th></th>\n",
       "      <th></th>\n",
       "      <th></th>\n",
       "      <th></th>\n",
       "      <th></th>\n",
       "      <th></th>\n",
       "      <th></th>\n",
       "      <th></th>\n",
       "      <th></th>\n",
       "      <th></th>\n",
       "      <th></th>\n",
       "      <th></th>\n",
       "      <th></th>\n",
       "      <th></th>\n",
       "    </tr>\n",
       "  </thead>\n",
       "  <tbody>\n",
       "    <tr>\n",
       "      <th>AGG</th>\n",
       "      <td>1.00</td>\n",
       "      <td>0.43</td>\n",
       "      <td>-0.06</td>\n",
       "      <td>-0.04</td>\n",
       "      <td>-0.06</td>\n",
       "      <td>-0.09</td>\n",
       "      <td>0.39</td>\n",
       "      <td>-0.05</td>\n",
       "      <td>0.27</td>\n",
       "      <td>0.80</td>\n",
       "      <td>-0.09</td>\n",
       "      <td>-0.11</td>\n",
       "      <td>-0.11</td>\n",
       "      <td>0.77</td>\n",
       "      <td>0.72</td>\n",
       "      <td>0.03</td>\n",
       "      <td>-0.06</td>\n",
       "      <td>0.61</td>\n",
       "      <td>0.71</td>\n",
       "      <td>0.77</td>\n",
       "      <td>-0.04</td>\n",
       "      <td>-0.08</td>\n",
       "      <td>-0.08</td>\n",
       "      <td>-0.04</td>\n",
       "      <td>0.05</td>\n",
       "      <td>-0.06</td>\n",
       "      <td>0.07</td>\n",
       "    </tr>\n",
       "    <tr>\n",
       "      <th>BWX</th>\n",
       "      <td>0.43</td>\n",
       "      <td>1.00</td>\n",
       "      <td>0.24</td>\n",
       "      <td>0.16</td>\n",
       "      <td>0.28</td>\n",
       "      <td>0.31</td>\n",
       "      <td>0.35</td>\n",
       "      <td>0.35</td>\n",
       "      <td>0.42</td>\n",
       "      <td>0.32</td>\n",
       "      <td>0.13</td>\n",
       "      <td>0.13</td>\n",
       "      <td>0.12</td>\n",
       "      <td>0.34</td>\n",
       "      <td>0.31</td>\n",
       "      <td>0.29</td>\n",
       "      <td>0.32</td>\n",
       "      <td>0.34</td>\n",
       "      <td>0.35</td>\n",
       "      <td>0.26</td>\n",
       "      <td>0.11</td>\n",
       "      <td>0.25</td>\n",
       "      <td>0.35</td>\n",
       "      <td>0.34</td>\n",
       "      <td>0.20</td>\n",
       "      <td>0.22</td>\n",
       "      <td>0.15</td>\n",
       "    </tr>\n",
       "    <tr>\n",
       "      <th>DBC</th>\n",
       "      <td>-0.06</td>\n",
       "      <td>0.24</td>\n",
       "      <td>1.00</td>\n",
       "      <td>0.35</td>\n",
       "      <td>0.53</td>\n",
       "      <td>0.52</td>\n",
       "      <td>0.36</td>\n",
       "      <td>0.53</td>\n",
       "      <td>0.31</td>\n",
       "      <td>-0.25</td>\n",
       "      <td>0.48</td>\n",
       "      <td>0.45</td>\n",
       "      <td>0.47</td>\n",
       "      <td>0.06</td>\n",
       "      <td>-0.07</td>\n",
       "      <td>0.43</td>\n",
       "      <td>0.52</td>\n",
       "      <td>-0.16</td>\n",
       "      <td>0.05</td>\n",
       "      <td>-0.27</td>\n",
       "      <td>0.32</td>\n",
       "      <td>0.53</td>\n",
       "      <td>0.52</td>\n",
       "      <td>0.57</td>\n",
       "      <td>0.36</td>\n",
       "      <td>0.48</td>\n",
       "      <td>0.25</td>\n",
       "    </tr>\n",
       "    <tr>\n",
       "      <th>DFJ</th>\n",
       "      <td>-0.04</td>\n",
       "      <td>0.16</td>\n",
       "      <td>0.35</td>\n",
       "      <td>1.00</td>\n",
       "      <td>0.65</td>\n",
       "      <td>0.77</td>\n",
       "      <td>0.38</td>\n",
       "      <td>0.75</td>\n",
       "      <td>0.07</td>\n",
       "      <td>-0.28</td>\n",
       "      <td>0.66</td>\n",
       "      <td>0.63</td>\n",
       "      <td>0.69</td>\n",
       "      <td>0.08</td>\n",
       "      <td>-0.12</td>\n",
       "      <td>0.62</td>\n",
       "      <td>0.79</td>\n",
       "      <td>-0.19</td>\n",
       "      <td>-0.07</td>\n",
       "      <td>-0.29</td>\n",
       "      <td>0.58</td>\n",
       "      <td>0.63</td>\n",
       "      <td>0.67</td>\n",
       "      <td>0.73</td>\n",
       "      <td>0.54</td>\n",
       "      <td>0.86</td>\n",
       "      <td>0.47</td>\n",
       "    </tr>\n",
       "    <tr>\n",
       "      <th>EEM</th>\n",
       "      <td>-0.06</td>\n",
       "      <td>0.28</td>\n",
       "      <td>0.53</td>\n",
       "      <td>0.65</td>\n",
       "      <td>1.00</td>\n",
       "      <td>0.87</td>\n",
       "      <td>0.55</td>\n",
       "      <td>0.81</td>\n",
       "      <td>0.16</td>\n",
       "      <td>-0.34</td>\n",
       "      <td>0.78</td>\n",
       "      <td>0.73</td>\n",
       "      <td>0.82</td>\n",
       "      <td>0.12</td>\n",
       "      <td>-0.14</td>\n",
       "      <td>0.74</td>\n",
       "      <td>0.85</td>\n",
       "      <td>-0.21</td>\n",
       "      <td>-0.06</td>\n",
       "      <td>-0.37</td>\n",
       "      <td>0.63</td>\n",
       "      <td>0.95</td>\n",
       "      <td>0.83</td>\n",
       "      <td>0.88</td>\n",
       "      <td>0.65</td>\n",
       "      <td>0.83</td>\n",
       "      <td>0.50</td>\n",
       "    </tr>\n",
       "    <tr>\n",
       "      <th>EFA</th>\n",
       "      <td>-0.09</td>\n",
       "      <td>0.31</td>\n",
       "      <td>0.52</td>\n",
       "      <td>0.77</td>\n",
       "      <td>0.87</td>\n",
       "      <td>1.00</td>\n",
       "      <td>0.51</td>\n",
       "      <td>0.91</td>\n",
       "      <td>0.12</td>\n",
       "      <td>-0.41</td>\n",
       "      <td>0.84</td>\n",
       "      <td>0.80</td>\n",
       "      <td>0.88</td>\n",
       "      <td>0.10</td>\n",
       "      <td>-0.20</td>\n",
       "      <td>0.81</td>\n",
       "      <td>0.96</td>\n",
       "      <td>-0.25</td>\n",
       "      <td>-0.12</td>\n",
       "      <td>-0.44</td>\n",
       "      <td>0.72</td>\n",
       "      <td>0.84</td>\n",
       "      <td>0.97</td>\n",
       "      <td>0.94</td>\n",
       "      <td>0.70</td>\n",
       "      <td>0.90</td>\n",
       "      <td>0.57</td>\n",
       "    </tr>\n",
       "    <tr>\n",
       "      <th>EMB</th>\n",
       "      <td>0.39</td>\n",
       "      <td>0.35</td>\n",
       "      <td>0.36</td>\n",
       "      <td>0.38</td>\n",
       "      <td>0.55</td>\n",
       "      <td>0.51</td>\n",
       "      <td>1.00</td>\n",
       "      <td>0.53</td>\n",
       "      <td>0.20</td>\n",
       "      <td>0.09</td>\n",
       "      <td>0.50</td>\n",
       "      <td>0.44</td>\n",
       "      <td>0.49</td>\n",
       "      <td>0.49</td>\n",
       "      <td>0.24</td>\n",
       "      <td>0.54</td>\n",
       "      <td>0.52</td>\n",
       "      <td>0.06</td>\n",
       "      <td>0.33</td>\n",
       "      <td>0.06</td>\n",
       "      <td>0.42</td>\n",
       "      <td>0.56</td>\n",
       "      <td>0.51</td>\n",
       "      <td>0.57</td>\n",
       "      <td>0.49</td>\n",
       "      <td>0.49</td>\n",
       "      <td>0.41</td>\n",
       "    </tr>\n",
       "    <tr>\n",
       "      <th>FIASX</th>\n",
       "      <td>-0.05</td>\n",
       "      <td>0.35</td>\n",
       "      <td>0.53</td>\n",
       "      <td>0.75</td>\n",
       "      <td>0.81</td>\n",
       "      <td>0.91</td>\n",
       "      <td>0.53</td>\n",
       "      <td>1.00</td>\n",
       "      <td>0.16</td>\n",
       "      <td>-0.34</td>\n",
       "      <td>0.78</td>\n",
       "      <td>0.74</td>\n",
       "      <td>0.79</td>\n",
       "      <td>0.15</td>\n",
       "      <td>-0.14</td>\n",
       "      <td>0.76</td>\n",
       "      <td>0.94</td>\n",
       "      <td>-0.20</td>\n",
       "      <td>-0.05</td>\n",
       "      <td>-0.38</td>\n",
       "      <td>0.62</td>\n",
       "      <td>0.83</td>\n",
       "      <td>0.90</td>\n",
       "      <td>0.96</td>\n",
       "      <td>0.64</td>\n",
       "      <td>0.87</td>\n",
       "      <td>0.51</td>\n",
       "    </tr>\n",
       "    <tr>\n",
       "      <th>GLD</th>\n",
       "      <td>0.27</td>\n",
       "      <td>0.42</td>\n",
       "      <td>0.31</td>\n",
       "      <td>0.07</td>\n",
       "      <td>0.16</td>\n",
       "      <td>0.12</td>\n",
       "      <td>0.20</td>\n",
       "      <td>0.16</td>\n",
       "      <td>1.00</td>\n",
       "      <td>0.25</td>\n",
       "      <td>0.04</td>\n",
       "      <td>0.03</td>\n",
       "      <td>0.04</td>\n",
       "      <td>0.26</td>\n",
       "      <td>0.27</td>\n",
       "      <td>0.13</td>\n",
       "      <td>0.14</td>\n",
       "      <td>0.26</td>\n",
       "      <td>0.32</td>\n",
       "      <td>0.20</td>\n",
       "      <td>0.06</td>\n",
       "      <td>0.14</td>\n",
       "      <td>0.13</td>\n",
       "      <td>0.20</td>\n",
       "      <td>0.10</td>\n",
       "      <td>0.12</td>\n",
       "      <td>0.12</td>\n",
       "    </tr>\n",
       "    <tr>\n",
       "      <th>IEF</th>\n",
       "      <td>0.80</td>\n",
       "      <td>0.32</td>\n",
       "      <td>-0.25</td>\n",
       "      <td>-0.28</td>\n",
       "      <td>-0.34</td>\n",
       "      <td>-0.41</td>\n",
       "      <td>0.09</td>\n",
       "      <td>-0.34</td>\n",
       "      <td>0.25</td>\n",
       "      <td>1.00</td>\n",
       "      <td>-0.42</td>\n",
       "      <td>-0.41</td>\n",
       "      <td>-0.43</td>\n",
       "      <td>0.60</td>\n",
       "      <td>0.77</td>\n",
       "      <td>-0.26</td>\n",
       "      <td>-0.37</td>\n",
       "      <td>0.73</td>\n",
       "      <td>0.76</td>\n",
       "      <td>0.92</td>\n",
       "      <td>-0.30</td>\n",
       "      <td>-0.36</td>\n",
       "      <td>-0.39</td>\n",
       "      <td>-0.35</td>\n",
       "      <td>-0.21</td>\n",
       "      <td>-0.34</td>\n",
       "      <td>-0.14</td>\n",
       "    </tr>\n",
       "    <tr>\n",
       "      <th>IJH</th>\n",
       "      <td>-0.09</td>\n",
       "      <td>0.13</td>\n",
       "      <td>0.48</td>\n",
       "      <td>0.66</td>\n",
       "      <td>0.78</td>\n",
       "      <td>0.84</td>\n",
       "      <td>0.50</td>\n",
       "      <td>0.78</td>\n",
       "      <td>0.04</td>\n",
       "      <td>-0.42</td>\n",
       "      <td>1.00</td>\n",
       "      <td>0.96</td>\n",
       "      <td>0.93</td>\n",
       "      <td>0.10</td>\n",
       "      <td>-0.22</td>\n",
       "      <td>0.83</td>\n",
       "      <td>0.83</td>\n",
       "      <td>-0.28</td>\n",
       "      <td>-0.14</td>\n",
       "      <td>-0.44</td>\n",
       "      <td>0.74</td>\n",
       "      <td>0.76</td>\n",
       "      <td>0.81</td>\n",
       "      <td>0.83</td>\n",
       "      <td>0.80</td>\n",
       "      <td>0.79</td>\n",
       "      <td>0.63</td>\n",
       "    </tr>\n",
       "    <tr>\n",
       "      <th>IJR</th>\n",
       "      <td>-0.11</td>\n",
       "      <td>0.13</td>\n",
       "      <td>0.45</td>\n",
       "      <td>0.63</td>\n",
       "      <td>0.73</td>\n",
       "      <td>0.80</td>\n",
       "      <td>0.44</td>\n",
       "      <td>0.74</td>\n",
       "      <td>0.03</td>\n",
       "      <td>-0.41</td>\n",
       "      <td>0.96</td>\n",
       "      <td>1.00</td>\n",
       "      <td>0.88</td>\n",
       "      <td>0.08</td>\n",
       "      <td>-0.22</td>\n",
       "      <td>0.79</td>\n",
       "      <td>0.79</td>\n",
       "      <td>-0.28</td>\n",
       "      <td>-0.15</td>\n",
       "      <td>-0.43</td>\n",
       "      <td>0.69</td>\n",
       "      <td>0.72</td>\n",
       "      <td>0.77</td>\n",
       "      <td>0.79</td>\n",
       "      <td>0.75</td>\n",
       "      <td>0.75</td>\n",
       "      <td>0.56</td>\n",
       "    </tr>\n",
       "    <tr>\n",
       "      <th>IVV</th>\n",
       "      <td>-0.11</td>\n",
       "      <td>0.12</td>\n",
       "      <td>0.47</td>\n",
       "      <td>0.69</td>\n",
       "      <td>0.82</td>\n",
       "      <td>0.88</td>\n",
       "      <td>0.49</td>\n",
       "      <td>0.79</td>\n",
       "      <td>0.04</td>\n",
       "      <td>-0.43</td>\n",
       "      <td>0.93</td>\n",
       "      <td>0.88</td>\n",
       "      <td>1.00</td>\n",
       "      <td>0.10</td>\n",
       "      <td>-0.24</td>\n",
       "      <td>0.81</td>\n",
       "      <td>0.86</td>\n",
       "      <td>-0.31</td>\n",
       "      <td>-0.17</td>\n",
       "      <td>-0.45</td>\n",
       "      <td>0.83</td>\n",
       "      <td>0.80</td>\n",
       "      <td>0.84</td>\n",
       "      <td>0.85</td>\n",
       "      <td>0.77</td>\n",
       "      <td>0.83</td>\n",
       "      <td>0.66</td>\n",
       "    </tr>\n",
       "    <tr>\n",
       "      <th>LQD</th>\n",
       "      <td>0.77</td>\n",
       "      <td>0.34</td>\n",
       "      <td>0.06</td>\n",
       "      <td>0.08</td>\n",
       "      <td>0.12</td>\n",
       "      <td>0.10</td>\n",
       "      <td>0.49</td>\n",
       "      <td>0.15</td>\n",
       "      <td>0.26</td>\n",
       "      <td>0.60</td>\n",
       "      <td>0.10</td>\n",
       "      <td>0.08</td>\n",
       "      <td>0.10</td>\n",
       "      <td>1.00</td>\n",
       "      <td>0.61</td>\n",
       "      <td>0.23</td>\n",
       "      <td>0.14</td>\n",
       "      <td>0.42</td>\n",
       "      <td>0.60</td>\n",
       "      <td>0.58</td>\n",
       "      <td>0.13</td>\n",
       "      <td>0.11</td>\n",
       "      <td>0.11</td>\n",
       "      <td>0.17</td>\n",
       "      <td>0.22</td>\n",
       "      <td>0.13</td>\n",
       "      <td>0.21</td>\n",
       "    </tr>\n",
       "    <tr>\n",
       "      <th>LTPZ</th>\n",
       "      <td>0.72</td>\n",
       "      <td>0.31</td>\n",
       "      <td>-0.07</td>\n",
       "      <td>-0.12</td>\n",
       "      <td>-0.14</td>\n",
       "      <td>-0.20</td>\n",
       "      <td>0.24</td>\n",
       "      <td>-0.14</td>\n",
       "      <td>0.27</td>\n",
       "      <td>0.77</td>\n",
       "      <td>-0.22</td>\n",
       "      <td>-0.22</td>\n",
       "      <td>-0.24</td>\n",
       "      <td>0.61</td>\n",
       "      <td>1.00</td>\n",
       "      <td>-0.09</td>\n",
       "      <td>-0.16</td>\n",
       "      <td>0.49</td>\n",
       "      <td>0.90</td>\n",
       "      <td>0.80</td>\n",
       "      <td>-0.18</td>\n",
       "      <td>-0.15</td>\n",
       "      <td>-0.18</td>\n",
       "      <td>-0.13</td>\n",
       "      <td>-0.07</td>\n",
       "      <td>-0.15</td>\n",
       "      <td>-0.06</td>\n",
       "    </tr>\n",
       "    <tr>\n",
       "      <th>RWO</th>\n",
       "      <td>0.03</td>\n",
       "      <td>0.29</td>\n",
       "      <td>0.43</td>\n",
       "      <td>0.62</td>\n",
       "      <td>0.74</td>\n",
       "      <td>0.81</td>\n",
       "      <td>0.54</td>\n",
       "      <td>0.76</td>\n",
       "      <td>0.13</td>\n",
       "      <td>-0.26</td>\n",
       "      <td>0.83</td>\n",
       "      <td>0.79</td>\n",
       "      <td>0.81</td>\n",
       "      <td>0.23</td>\n",
       "      <td>-0.09</td>\n",
       "      <td>1.00</td>\n",
       "      <td>0.81</td>\n",
       "      <td>-0.14</td>\n",
       "      <td>-0.02</td>\n",
       "      <td>-0.29</td>\n",
       "      <td>0.71</td>\n",
       "      <td>0.72</td>\n",
       "      <td>0.78</td>\n",
       "      <td>0.80</td>\n",
       "      <td>0.94</td>\n",
       "      <td>0.75</td>\n",
       "      <td>0.70</td>\n",
       "    </tr>\n",
       "    <tr>\n",
       "      <th>SCZ</th>\n",
       "      <td>-0.06</td>\n",
       "      <td>0.32</td>\n",
       "      <td>0.52</td>\n",
       "      <td>0.79</td>\n",
       "      <td>0.85</td>\n",
       "      <td>0.96</td>\n",
       "      <td>0.52</td>\n",
       "      <td>0.94</td>\n",
       "      <td>0.14</td>\n",
       "      <td>-0.37</td>\n",
       "      <td>0.83</td>\n",
       "      <td>0.79</td>\n",
       "      <td>0.86</td>\n",
       "      <td>0.14</td>\n",
       "      <td>-0.16</td>\n",
       "      <td>0.81</td>\n",
       "      <td>1.00</td>\n",
       "      <td>-0.23</td>\n",
       "      <td>-0.09</td>\n",
       "      <td>-0.40</td>\n",
       "      <td>0.68</td>\n",
       "      <td>0.83</td>\n",
       "      <td>0.93</td>\n",
       "      <td>0.96</td>\n",
       "      <td>0.70</td>\n",
       "      <td>0.89</td>\n",
       "      <td>0.55</td>\n",
       "    </tr>\n",
       "    <tr>\n",
       "      <th>SHY</th>\n",
       "      <td>0.61</td>\n",
       "      <td>0.34</td>\n",
       "      <td>-0.16</td>\n",
       "      <td>-0.19</td>\n",
       "      <td>-0.21</td>\n",
       "      <td>-0.25</td>\n",
       "      <td>0.06</td>\n",
       "      <td>-0.20</td>\n",
       "      <td>0.26</td>\n",
       "      <td>0.73</td>\n",
       "      <td>-0.28</td>\n",
       "      <td>-0.28</td>\n",
       "      <td>-0.31</td>\n",
       "      <td>0.42</td>\n",
       "      <td>0.49</td>\n",
       "      <td>-0.14</td>\n",
       "      <td>-0.23</td>\n",
       "      <td>1.00</td>\n",
       "      <td>0.56</td>\n",
       "      <td>0.57</td>\n",
       "      <td>-0.19</td>\n",
       "      <td>-0.24</td>\n",
       "      <td>-0.23</td>\n",
       "      <td>-0.21</td>\n",
       "      <td>-0.12</td>\n",
       "      <td>-0.21</td>\n",
       "      <td>-0.05</td>\n",
       "    </tr>\n",
       "    <tr>\n",
       "      <th>TIP</th>\n",
       "      <td>0.71</td>\n",
       "      <td>0.35</td>\n",
       "      <td>0.05</td>\n",
       "      <td>-0.07</td>\n",
       "      <td>-0.06</td>\n",
       "      <td>-0.12</td>\n",
       "      <td>0.33</td>\n",
       "      <td>-0.05</td>\n",
       "      <td>0.32</td>\n",
       "      <td>0.76</td>\n",
       "      <td>-0.14</td>\n",
       "      <td>-0.15</td>\n",
       "      <td>-0.17</td>\n",
       "      <td>0.60</td>\n",
       "      <td>0.90</td>\n",
       "      <td>-0.02</td>\n",
       "      <td>-0.09</td>\n",
       "      <td>0.56</td>\n",
       "      <td>1.00</td>\n",
       "      <td>0.72</td>\n",
       "      <td>-0.13</td>\n",
       "      <td>-0.07</td>\n",
       "      <td>-0.09</td>\n",
       "      <td>-0.04</td>\n",
       "      <td>-0.01</td>\n",
       "      <td>-0.08</td>\n",
       "      <td>-0.02</td>\n",
       "    </tr>\n",
       "    <tr>\n",
       "      <th>TLT</th>\n",
       "      <td>0.77</td>\n",
       "      <td>0.26</td>\n",
       "      <td>-0.27</td>\n",
       "      <td>-0.29</td>\n",
       "      <td>-0.37</td>\n",
       "      <td>-0.44</td>\n",
       "      <td>0.06</td>\n",
       "      <td>-0.38</td>\n",
       "      <td>0.20</td>\n",
       "      <td>0.92</td>\n",
       "      <td>-0.44</td>\n",
       "      <td>-0.43</td>\n",
       "      <td>-0.45</td>\n",
       "      <td>0.58</td>\n",
       "      <td>0.80</td>\n",
       "      <td>-0.29</td>\n",
       "      <td>-0.40</td>\n",
       "      <td>0.57</td>\n",
       "      <td>0.72</td>\n",
       "      <td>1.00</td>\n",
       "      <td>-0.32</td>\n",
       "      <td>-0.38</td>\n",
       "      <td>-0.42</td>\n",
       "      <td>-0.39</td>\n",
       "      <td>-0.25</td>\n",
       "      <td>-0.37</td>\n",
       "      <td>-0.18</td>\n",
       "    </tr>\n",
       "    <tr>\n",
       "      <th>VDC</th>\n",
       "      <td>-0.04</td>\n",
       "      <td>0.11</td>\n",
       "      <td>0.32</td>\n",
       "      <td>0.58</td>\n",
       "      <td>0.63</td>\n",
       "      <td>0.72</td>\n",
       "      <td>0.42</td>\n",
       "      <td>0.62</td>\n",
       "      <td>0.06</td>\n",
       "      <td>-0.30</td>\n",
       "      <td>0.74</td>\n",
       "      <td>0.69</td>\n",
       "      <td>0.83</td>\n",
       "      <td>0.13</td>\n",
       "      <td>-0.18</td>\n",
       "      <td>0.71</td>\n",
       "      <td>0.68</td>\n",
       "      <td>-0.19</td>\n",
       "      <td>-0.13</td>\n",
       "      <td>-0.32</td>\n",
       "      <td>1.00</td>\n",
       "      <td>0.61</td>\n",
       "      <td>0.67</td>\n",
       "      <td>0.66</td>\n",
       "      <td>0.71</td>\n",
       "      <td>0.68</td>\n",
       "      <td>0.75</td>\n",
       "    </tr>\n",
       "    <tr>\n",
       "      <th>VEIEX</th>\n",
       "      <td>-0.08</td>\n",
       "      <td>0.25</td>\n",
       "      <td>0.53</td>\n",
       "      <td>0.63</td>\n",
       "      <td>0.95</td>\n",
       "      <td>0.84</td>\n",
       "      <td>0.56</td>\n",
       "      <td>0.83</td>\n",
       "      <td>0.14</td>\n",
       "      <td>-0.36</td>\n",
       "      <td>0.76</td>\n",
       "      <td>0.72</td>\n",
       "      <td>0.80</td>\n",
       "      <td>0.11</td>\n",
       "      <td>-0.15</td>\n",
       "      <td>0.72</td>\n",
       "      <td>0.83</td>\n",
       "      <td>-0.24</td>\n",
       "      <td>-0.07</td>\n",
       "      <td>-0.38</td>\n",
       "      <td>0.61</td>\n",
       "      <td>1.00</td>\n",
       "      <td>0.81</td>\n",
       "      <td>0.90</td>\n",
       "      <td>0.62</td>\n",
       "      <td>0.83</td>\n",
       "      <td>0.47</td>\n",
       "    </tr>\n",
       "    <tr>\n",
       "      <th>VEURX</th>\n",
       "      <td>-0.08</td>\n",
       "      <td>0.35</td>\n",
       "      <td>0.52</td>\n",
       "      <td>0.67</td>\n",
       "      <td>0.83</td>\n",
       "      <td>0.97</td>\n",
       "      <td>0.51</td>\n",
       "      <td>0.90</td>\n",
       "      <td>0.13</td>\n",
       "      <td>-0.39</td>\n",
       "      <td>0.81</td>\n",
       "      <td>0.77</td>\n",
       "      <td>0.84</td>\n",
       "      <td>0.11</td>\n",
       "      <td>-0.18</td>\n",
       "      <td>0.78</td>\n",
       "      <td>0.93</td>\n",
       "      <td>-0.23</td>\n",
       "      <td>-0.09</td>\n",
       "      <td>-0.42</td>\n",
       "      <td>0.67</td>\n",
       "      <td>0.81</td>\n",
       "      <td>1.00</td>\n",
       "      <td>0.93</td>\n",
       "      <td>0.67</td>\n",
       "      <td>0.82</td>\n",
       "      <td>0.54</td>\n",
       "    </tr>\n",
       "    <tr>\n",
       "      <th>VFSNX</th>\n",
       "      <td>-0.04</td>\n",
       "      <td>0.34</td>\n",
       "      <td>0.57</td>\n",
       "      <td>0.73</td>\n",
       "      <td>0.88</td>\n",
       "      <td>0.94</td>\n",
       "      <td>0.57</td>\n",
       "      <td>0.96</td>\n",
       "      <td>0.20</td>\n",
       "      <td>-0.35</td>\n",
       "      <td>0.83</td>\n",
       "      <td>0.79</td>\n",
       "      <td>0.85</td>\n",
       "      <td>0.17</td>\n",
       "      <td>-0.13</td>\n",
       "      <td>0.80</td>\n",
       "      <td>0.96</td>\n",
       "      <td>-0.21</td>\n",
       "      <td>-0.04</td>\n",
       "      <td>-0.39</td>\n",
       "      <td>0.66</td>\n",
       "      <td>0.90</td>\n",
       "      <td>0.93</td>\n",
       "      <td>1.00</td>\n",
       "      <td>0.69</td>\n",
       "      <td>0.89</td>\n",
       "      <td>0.55</td>\n",
       "    </tr>\n",
       "    <tr>\n",
       "      <th>VGSIX</th>\n",
       "      <td>0.05</td>\n",
       "      <td>0.20</td>\n",
       "      <td>0.36</td>\n",
       "      <td>0.54</td>\n",
       "      <td>0.65</td>\n",
       "      <td>0.70</td>\n",
       "      <td>0.49</td>\n",
       "      <td>0.64</td>\n",
       "      <td>0.10</td>\n",
       "      <td>-0.21</td>\n",
       "      <td>0.80</td>\n",
       "      <td>0.75</td>\n",
       "      <td>0.77</td>\n",
       "      <td>0.22</td>\n",
       "      <td>-0.07</td>\n",
       "      <td>0.94</td>\n",
       "      <td>0.70</td>\n",
       "      <td>-0.12</td>\n",
       "      <td>-0.01</td>\n",
       "      <td>-0.25</td>\n",
       "      <td>0.71</td>\n",
       "      <td>0.62</td>\n",
       "      <td>0.67</td>\n",
       "      <td>0.69</td>\n",
       "      <td>1.00</td>\n",
       "      <td>0.65</td>\n",
       "      <td>0.73</td>\n",
       "    </tr>\n",
       "    <tr>\n",
       "      <th>VPACX</th>\n",
       "      <td>-0.06</td>\n",
       "      <td>0.22</td>\n",
       "      <td>0.48</td>\n",
       "      <td>0.86</td>\n",
       "      <td>0.83</td>\n",
       "      <td>0.90</td>\n",
       "      <td>0.49</td>\n",
       "      <td>0.87</td>\n",
       "      <td>0.12</td>\n",
       "      <td>-0.34</td>\n",
       "      <td>0.79</td>\n",
       "      <td>0.75</td>\n",
       "      <td>0.83</td>\n",
       "      <td>0.13</td>\n",
       "      <td>-0.15</td>\n",
       "      <td>0.75</td>\n",
       "      <td>0.89</td>\n",
       "      <td>-0.21</td>\n",
       "      <td>-0.08</td>\n",
       "      <td>-0.37</td>\n",
       "      <td>0.68</td>\n",
       "      <td>0.83</td>\n",
       "      <td>0.82</td>\n",
       "      <td>0.89</td>\n",
       "      <td>0.65</td>\n",
       "      <td>1.00</td>\n",
       "      <td>0.54</td>\n",
       "    </tr>\n",
       "    <tr>\n",
       "      <th>VPU</th>\n",
       "      <td>0.07</td>\n",
       "      <td>0.15</td>\n",
       "      <td>0.25</td>\n",
       "      <td>0.47</td>\n",
       "      <td>0.50</td>\n",
       "      <td>0.57</td>\n",
       "      <td>0.41</td>\n",
       "      <td>0.51</td>\n",
       "      <td>0.12</td>\n",
       "      <td>-0.14</td>\n",
       "      <td>0.63</td>\n",
       "      <td>0.56</td>\n",
       "      <td>0.66</td>\n",
       "      <td>0.21</td>\n",
       "      <td>-0.06</td>\n",
       "      <td>0.70</td>\n",
       "      <td>0.55</td>\n",
       "      <td>-0.05</td>\n",
       "      <td>-0.02</td>\n",
       "      <td>-0.18</td>\n",
       "      <td>0.75</td>\n",
       "      <td>0.47</td>\n",
       "      <td>0.54</td>\n",
       "      <td>0.55</td>\n",
       "      <td>0.73</td>\n",
       "      <td>0.54</td>\n",
       "      <td>1.00</td>\n",
       "    </tr>\n",
       "  </tbody>\n",
       "</table>\n",
       "</div>"
      ],
      "text/plain": [
       "         AGG   BWX   DBC   DFJ   EEM   EFA   EMB  FIASX   GLD   IEF   IJH  \\\n",
       "Ticker                                                                      \n",
       "AGG     1.00  0.43 -0.06 -0.04 -0.06 -0.09  0.39  -0.05  0.27  0.80 -0.09   \n",
       "BWX     0.43  1.00  0.24  0.16  0.28  0.31  0.35   0.35  0.42  0.32  0.13   \n",
       "DBC    -0.06  0.24  1.00  0.35  0.53  0.52  0.36   0.53  0.31 -0.25  0.48   \n",
       "DFJ    -0.04  0.16  0.35  1.00  0.65  0.77  0.38   0.75  0.07 -0.28  0.66   \n",
       "EEM    -0.06  0.28  0.53  0.65  1.00  0.87  0.55   0.81  0.16 -0.34  0.78   \n",
       "EFA    -0.09  0.31  0.52  0.77  0.87  1.00  0.51   0.91  0.12 -0.41  0.84   \n",
       "EMB     0.39  0.35  0.36  0.38  0.55  0.51  1.00   0.53  0.20  0.09  0.50   \n",
       "FIASX  -0.05  0.35  0.53  0.75  0.81  0.91  0.53   1.00  0.16 -0.34  0.78   \n",
       "GLD     0.27  0.42  0.31  0.07  0.16  0.12  0.20   0.16  1.00  0.25  0.04   \n",
       "IEF     0.80  0.32 -0.25 -0.28 -0.34 -0.41  0.09  -0.34  0.25  1.00 -0.42   \n",
       "IJH    -0.09  0.13  0.48  0.66  0.78  0.84  0.50   0.78  0.04 -0.42  1.00   \n",
       "IJR    -0.11  0.13  0.45  0.63  0.73  0.80  0.44   0.74  0.03 -0.41  0.96   \n",
       "IVV    -0.11  0.12  0.47  0.69  0.82  0.88  0.49   0.79  0.04 -0.43  0.93   \n",
       "LQD     0.77  0.34  0.06  0.08  0.12  0.10  0.49   0.15  0.26  0.60  0.10   \n",
       "LTPZ    0.72  0.31 -0.07 -0.12 -0.14 -0.20  0.24  -0.14  0.27  0.77 -0.22   \n",
       "RWO     0.03  0.29  0.43  0.62  0.74  0.81  0.54   0.76  0.13 -0.26  0.83   \n",
       "SCZ    -0.06  0.32  0.52  0.79  0.85  0.96  0.52   0.94  0.14 -0.37  0.83   \n",
       "SHY     0.61  0.34 -0.16 -0.19 -0.21 -0.25  0.06  -0.20  0.26  0.73 -0.28   \n",
       "TIP     0.71  0.35  0.05 -0.07 -0.06 -0.12  0.33  -0.05  0.32  0.76 -0.14   \n",
       "TLT     0.77  0.26 -0.27 -0.29 -0.37 -0.44  0.06  -0.38  0.20  0.92 -0.44   \n",
       "VDC    -0.04  0.11  0.32  0.58  0.63  0.72  0.42   0.62  0.06 -0.30  0.74   \n",
       "VEIEX  -0.08  0.25  0.53  0.63  0.95  0.84  0.56   0.83  0.14 -0.36  0.76   \n",
       "VEURX  -0.08  0.35  0.52  0.67  0.83  0.97  0.51   0.90  0.13 -0.39  0.81   \n",
       "VFSNX  -0.04  0.34  0.57  0.73  0.88  0.94  0.57   0.96  0.20 -0.35  0.83   \n",
       "VGSIX   0.05  0.20  0.36  0.54  0.65  0.70  0.49   0.64  0.10 -0.21  0.80   \n",
       "VPACX  -0.06  0.22  0.48  0.86  0.83  0.90  0.49   0.87  0.12 -0.34  0.79   \n",
       "VPU     0.07  0.15  0.25  0.47  0.50  0.57  0.41   0.51  0.12 -0.14  0.63   \n",
       "\n",
       "         IJR   IVV   LQD  LTPZ   RWO   SCZ   SHY   TIP   TLT   VDC  VEIEX  \\\n",
       "Ticker                                                                      \n",
       "AGG    -0.11 -0.11  0.77  0.72  0.03 -0.06  0.61  0.71  0.77 -0.04  -0.08   \n",
       "BWX     0.13  0.12  0.34  0.31  0.29  0.32  0.34  0.35  0.26  0.11   0.25   \n",
       "DBC     0.45  0.47  0.06 -0.07  0.43  0.52 -0.16  0.05 -0.27  0.32   0.53   \n",
       "DFJ     0.63  0.69  0.08 -0.12  0.62  0.79 -0.19 -0.07 -0.29  0.58   0.63   \n",
       "EEM     0.73  0.82  0.12 -0.14  0.74  0.85 -0.21 -0.06 -0.37  0.63   0.95   \n",
       "EFA     0.80  0.88  0.10 -0.20  0.81  0.96 -0.25 -0.12 -0.44  0.72   0.84   \n",
       "EMB     0.44  0.49  0.49  0.24  0.54  0.52  0.06  0.33  0.06  0.42   0.56   \n",
       "FIASX   0.74  0.79  0.15 -0.14  0.76  0.94 -0.20 -0.05 -0.38  0.62   0.83   \n",
       "GLD     0.03  0.04  0.26  0.27  0.13  0.14  0.26  0.32  0.20  0.06   0.14   \n",
       "IEF    -0.41 -0.43  0.60  0.77 -0.26 -0.37  0.73  0.76  0.92 -0.30  -0.36   \n",
       "IJH     0.96  0.93  0.10 -0.22  0.83  0.83 -0.28 -0.14 -0.44  0.74   0.76   \n",
       "IJR     1.00  0.88  0.08 -0.22  0.79  0.79 -0.28 -0.15 -0.43  0.69   0.72   \n",
       "IVV     0.88  1.00  0.10 -0.24  0.81  0.86 -0.31 -0.17 -0.45  0.83   0.80   \n",
       "LQD     0.08  0.10  1.00  0.61  0.23  0.14  0.42  0.60  0.58  0.13   0.11   \n",
       "LTPZ   -0.22 -0.24  0.61  1.00 -0.09 -0.16  0.49  0.90  0.80 -0.18  -0.15   \n",
       "RWO     0.79  0.81  0.23 -0.09  1.00  0.81 -0.14 -0.02 -0.29  0.71   0.72   \n",
       "SCZ     0.79  0.86  0.14 -0.16  0.81  1.00 -0.23 -0.09 -0.40  0.68   0.83   \n",
       "SHY    -0.28 -0.31  0.42  0.49 -0.14 -0.23  1.00  0.56  0.57 -0.19  -0.24   \n",
       "TIP    -0.15 -0.17  0.60  0.90 -0.02 -0.09  0.56  1.00  0.72 -0.13  -0.07   \n",
       "TLT    -0.43 -0.45  0.58  0.80 -0.29 -0.40  0.57  0.72  1.00 -0.32  -0.38   \n",
       "VDC     0.69  0.83  0.13 -0.18  0.71  0.68 -0.19 -0.13 -0.32  1.00   0.61   \n",
       "VEIEX   0.72  0.80  0.11 -0.15  0.72  0.83 -0.24 -0.07 -0.38  0.61   1.00   \n",
       "VEURX   0.77  0.84  0.11 -0.18  0.78  0.93 -0.23 -0.09 -0.42  0.67   0.81   \n",
       "VFSNX   0.79  0.85  0.17 -0.13  0.80  0.96 -0.21 -0.04 -0.39  0.66   0.90   \n",
       "VGSIX   0.75  0.77  0.22 -0.07  0.94  0.70 -0.12 -0.01 -0.25  0.71   0.62   \n",
       "VPACX   0.75  0.83  0.13 -0.15  0.75  0.89 -0.21 -0.08 -0.37  0.68   0.83   \n",
       "VPU     0.56  0.66  0.21 -0.06  0.70  0.55 -0.05 -0.02 -0.18  0.75   0.47   \n",
       "\n",
       "        VEURX  VFSNX  VGSIX  VPACX   VPU  \n",
       "Ticker                                    \n",
       "AGG     -0.08  -0.04   0.05  -0.06  0.07  \n",
       "BWX      0.35   0.34   0.20   0.22  0.15  \n",
       "DBC      0.52   0.57   0.36   0.48  0.25  \n",
       "DFJ      0.67   0.73   0.54   0.86  0.47  \n",
       "EEM      0.83   0.88   0.65   0.83  0.50  \n",
       "EFA      0.97   0.94   0.70   0.90  0.57  \n",
       "EMB      0.51   0.57   0.49   0.49  0.41  \n",
       "FIASX    0.90   0.96   0.64   0.87  0.51  \n",
       "GLD      0.13   0.20   0.10   0.12  0.12  \n",
       "IEF     -0.39  -0.35  -0.21  -0.34 -0.14  \n",
       "IJH      0.81   0.83   0.80   0.79  0.63  \n",
       "IJR      0.77   0.79   0.75   0.75  0.56  \n",
       "IVV      0.84   0.85   0.77   0.83  0.66  \n",
       "LQD      0.11   0.17   0.22   0.13  0.21  \n",
       "LTPZ    -0.18  -0.13  -0.07  -0.15 -0.06  \n",
       "RWO      0.78   0.80   0.94   0.75  0.70  \n",
       "SCZ      0.93   0.96   0.70   0.89  0.55  \n",
       "SHY     -0.23  -0.21  -0.12  -0.21 -0.05  \n",
       "TIP     -0.09  -0.04  -0.01  -0.08 -0.02  \n",
       "TLT     -0.42  -0.39  -0.25  -0.37 -0.18  \n",
       "VDC      0.67   0.66   0.71   0.68  0.75  \n",
       "VEIEX    0.81   0.90   0.62   0.83  0.47  \n",
       "VEURX    1.00   0.93   0.67   0.82  0.54  \n",
       "VFSNX    0.93   1.00   0.69   0.89  0.55  \n",
       "VGSIX    0.67   0.69   1.00   0.65  0.73  \n",
       "VPACX    0.82   0.89   0.65   1.00  0.54  \n",
       "VPU      0.54   0.55   0.73   0.54  1.00  "
      ]
     },
     "execution_count": 6,
     "metadata": {},
     "output_type": "execute_result"
    }
   ],
   "source": [
    "pd.set_option(\"display.max_columns\", None, \"precision\", 2)\n",
    "corr"
   ]
  },
  {
   "cell_type": "code",
   "execution_count": 7,
   "id": "3b30a409-d5a6-431e-b28e-d1f2f90d69fc",
   "metadata": {},
   "outputs": [
    {
     "data": {
      "text/html": [
       "<div>\n",
       "<style scoped>\n",
       "    .dataframe tbody tr th:only-of-type {\n",
       "        vertical-align: middle;\n",
       "    }\n",
       "\n",
       "    .dataframe tbody tr th {\n",
       "        vertical-align: top;\n",
       "    }\n",
       "\n",
       "    .dataframe thead th {\n",
       "        text-align: right;\n",
       "    }\n",
       "</style>\n",
       "<table border=\"1\" class=\"dataframe\">\n",
       "  <thead>\n",
       "    <tr style=\"text-align: right;\">\n",
       "      <th></th>\n",
       "      <th>AGG</th>\n",
       "      <th>BWX</th>\n",
       "      <th>DBC</th>\n",
       "      <th>DFJ</th>\n",
       "      <th>EEM</th>\n",
       "      <th>EFA</th>\n",
       "      <th>EMB</th>\n",
       "      <th>FIASX</th>\n",
       "      <th>GLD</th>\n",
       "      <th>IEF</th>\n",
       "      <th>IJH</th>\n",
       "      <th>IJR</th>\n",
       "      <th>IVV</th>\n",
       "      <th>LQD</th>\n",
       "      <th>LTPZ</th>\n",
       "      <th>RWO</th>\n",
       "      <th>SCZ</th>\n",
       "      <th>SHY</th>\n",
       "      <th>TIP</th>\n",
       "      <th>TLT</th>\n",
       "      <th>VDC</th>\n",
       "      <th>VEIEX</th>\n",
       "      <th>VEURX</th>\n",
       "      <th>VFSNX</th>\n",
       "      <th>VGSIX</th>\n",
       "      <th>VPACX</th>\n",
       "      <th>VPU</th>\n",
       "    </tr>\n",
       "    <tr>\n",
       "      <th>Ticker</th>\n",
       "      <th></th>\n",
       "      <th></th>\n",
       "      <th></th>\n",
       "      <th></th>\n",
       "      <th></th>\n",
       "      <th></th>\n",
       "      <th></th>\n",
       "      <th></th>\n",
       "      <th></th>\n",
       "      <th></th>\n",
       "      <th></th>\n",
       "      <th></th>\n",
       "      <th></th>\n",
       "      <th></th>\n",
       "      <th></th>\n",
       "      <th></th>\n",
       "      <th></th>\n",
       "      <th></th>\n",
       "      <th></th>\n",
       "      <th></th>\n",
       "      <th></th>\n",
       "      <th></th>\n",
       "      <th></th>\n",
       "      <th></th>\n",
       "      <th></th>\n",
       "      <th></th>\n",
       "      <th></th>\n",
       "    </tr>\n",
       "  </thead>\n",
       "  <tbody>\n",
       "    <tr>\n",
       "      <th>AGG</th>\n",
       "      <td>9.92</td>\n",
       "      <td>9.96</td>\n",
       "      <td>-3.28</td>\n",
       "      <td>-1.66</td>\n",
       "      <td>-3.52</td>\n",
       "      <td>-4.34</td>\n",
       "      <td>10.47</td>\n",
       "      <td>-2.43</td>\n",
       "      <td>14.11</td>\n",
       "      <td>14.46</td>\n",
       "      <td>-4.76</td>\n",
       "      <td>-6.42</td>\n",
       "      <td>-4.76</td>\n",
       "      <td>14.19</td>\n",
       "      <td>23.88</td>\n",
       "      <td>1.51</td>\n",
       "      <td>-3.08</td>\n",
       "      <td>1.83</td>\n",
       "      <td>10.09</td>\n",
       "      <td>31.24</td>\n",
       "      <td>-1.41</td>\n",
       "      <td>-4.47</td>\n",
       "      <td>-4.38</td>\n",
       "      <td>-2.11</td>\n",
       "      <td>2.59</td>\n",
       "      <td>-2.62</td>\n",
       "      <td>2.84</td>\n",
       "    </tr>\n",
       "    <tr>\n",
       "      <th>BWX</th>\n",
       "      <td>9.96</td>\n",
       "      <td>54.02</td>\n",
       "      <td>30.61</td>\n",
       "      <td>15.49</td>\n",
       "      <td>38.30</td>\n",
       "      <td>34.88</td>\n",
       "      <td>21.92</td>\n",
       "      <td>39.67</td>\n",
       "      <td>51.21</td>\n",
       "      <td>13.50</td>\n",
       "      <td>16.05</td>\n",
       "      <td>17.70</td>\n",
